0 0.301827 0.189880 0.111545 0.197862
0 0.918785 0.824908 0.110284 0.275400
0 0.802830 0.803963 0.101463 0.237076
0 0.694436 0.810203 0.112802 0.258465
0 0.582263 0.808420 0.110281 0.265596
0 0.414947 0.794160 0.098310 0.263814
0 0.304664 0.819117 0.105871 0.162210
0 0.188393 0.796387 0.101460 0.277187
0 0.077795 0.831148 0.103352 0.230838
0 0.919415 0.495141 0.106502 0.184493
0 0.806297 0.498260 0.113434 0.274510
0 0.691917 0.470631 0.107763 0.329769
0 0.576590 0.492914 0.110284 0.188948
0 0.417783 0.516086 0.110281 0.215686
0 0.302143 0.472858 0.108392 0.243313
0 0.187449 0.492914 0.105871 0.265596
0 0.074643 0.496477 0.108392 0.263814
0 0.919415 0.166708 0.111545 0.217469
0 0.804404 0.184981 0.099571 0.182711
0 0.692231 0.183643 0.112177 0.237076
0 0.560521 0.164481 0.084447 0.163104
0 0.417158 0.188989 0.109033 0.196080
0 0.078109 0.187208 0.106502 0.176469
0 0.185872 0.189438 0.098939 0.177362
