0 0.917208 0.823125 0.103352 0.273621
0 0.187133 0.187208 0.095160 0.181821
0 0.300568 0.178296 0.105242 0.253121
0 0.416524 0.176067 0.100200 0.252227
0 0.574385 0.184981 0.100831 0.191620
0 0.691601 0.187208 0.107131 0.183600
0 0.802515 0.163589 0.102092 0.234404
0 0.921304 0.183643 0.117845 0.263814
0 0.076220 0.512965 0.107760 0.245100
0 0.188079 0.474196 0.102089 0.306597
0 0.303088 0.497813 0.111545 0.180928
0 0.413372 0.496924 0.096418 0.177362
0 0.577536 0.475977 0.105871 0.358290
0 0.694436 0.499596 0.114066 0.248666
0 0.809131 0.502717 0.109024 0.249555
0 0.919099 0.500043 0.104613 0.279855
0 0.078425 0.797279 0.105871 0.188059
0 0.188709 0.791041 0.104613 0.257576
0 0.289855 0.791039 0.078773 0.152407
0 0.420618 0.800844 0.109652 0.241535
0 0.581002 0.812431 0.111545 0.275404
0 0.690654 0.838722 0.103981 0.278076
0 0.804089 0.807082 0.101460 0.277183
0 0.074959 0.187653 0.114066 0.179145
