0 0.299938 0.182304 0.095160 0.182711
0 0.193120 0.188989 0.108392 0.192514
0 0.078111 0.184979 0.111542 0.188059
0 0.190284 0.799508 0.109021 0.183600
0 0.299622 0.799062 0.102092 0.172018
0 0.418413 0.768758 0.110284 0.211231
0 0.916580 0.176958 0.104610 0.245100
0 0.075275 0.493803 0.103349 0.245990
0 0.189970 0.491575 0.105871 0.241535
0 0.303715 0.501379 0.109015 0.223707
0 0.414947 0.513412 0.107131 0.251338
0 0.577536 0.471967 0.108392 0.291441
0 0.077166 0.803074 0.109652 0.190731
0 0.802515 0.185425 0.108392 0.256682
0 0.690654 0.170720 0.103981 0.180928
0 0.578167 0.172948 0.105874 0.176473
0 0.411480 0.188991 0.103981 0.197862
