0 0.077796 0.182307 0.110913 0.191625
0 0.692861 0.470631 0.104610 0.329769
0 0.807556 0.500041 0.112174 0.249555
0 0.925402 0.503162 0.118476 0.241535
0 0.076850 0.807529 0.110284 0.163993
0 0.189339 0.795051 0.104610 0.260252
0 0.289539 0.793268 0.076883 0.156866
0 0.418729 0.803072 0.107131 0.231727
0 0.576906 0.804855 0.108395 0.247768
0 0.690024 0.826691 0.105242 0.277187
0 0.802199 0.839613 0.107760 0.276293
0 0.921935 0.813767 0.110284 0.270945
0 0.580372 0.491575 0.112805 0.264707
0 0.185558 0.180971 0.098310 0.190731
0 0.303718 0.167599 0.105242 0.262031
0 0.418413 0.180079 0.109021 0.185383
0 0.577851 0.189880 0.105242 0.167559
0 0.692861 0.168493 0.108395 0.212121
0 0.804404 0.180968 0.107134 0.180038
0 0.918153 0.182751 0.105242 0.180038
0 0.078425 0.520988 0.107134 0.221924
0 0.190599 0.520985 0.102092 0.223707
0 0.304664 0.522770 0.108392 0.229055
0 0.421564 0.523215 0.112802 0.231732
