0 0.575330 0.195229 0.102721 0.274510
0 0.688135 0.199239 0.107763 0.278965
0 0.803460 0.214835 0.112802 0.274510
0 0.074329 0.490684 0.105242 0.179145
0 0.418727 0.828474 0.115955 0.221924
0 0.305609 0.809756 0.107760 0.243318
0 0.193121 0.832931 0.114695 0.280748
0 0.190599 0.491575 0.108392 0.193403
0 0.077795 0.776334 0.109652 0.303031
0 0.301513 0.473305 0.103352 0.187165
0 0.416208 0.479096 0.108395 0.180928
0 0.076536 0.191663 0.108392 0.180034
0 0.186188 0.186317 0.100828 0.188948
0 0.304664 0.201022 0.105871 0.232621
0 0.419359 0.196565 0.110913 0.170231
