0 0.183667 0.197903 0.092007 0.142604
0 0.412112 0.790150 0.095160 0.198752
0 0.068656 0.491575 0.087597 0.141714
0 0.797787 0.176511 0.093900 0.153296
0 0.684983 0.175175 0.096418 0.155968
0 0.577222 0.158687 0.110284 0.244207
0 0.187133 0.488010 0.097681 0.141714
0 0.304349 0.488454 0.103981 0.146169
0 0.419674 0.491575 0.103984 0.143493
0 0.067397 0.795051 0.091378 0.158645
0 0.181146 0.811092 0.094528 0.158645
0 0.293950 0.799062 0.081926 0.189838
0 0.416208 0.159579 0.102089 0.237080
0 0.298992 0.187208 0.095789 0.160428
0 0.065506 0.211719 0.087597 0.122103
