0 0.183968 0.121211 0.200688 0.080214
0 0.497115 0.117645 0.194924 0.069518
0 0.788353 0.117648 0.205306 0.076650
0 0.183968 0.224155 0.200688 0.072191
0 0.489044 0.226827 0.183394 0.077536
0 0.771050 0.229500 0.179935 0.065064
0 0.205882 0.339573 0.239906 0.067736
0 0.198385 0.511098 0.141865 0.102586
0 0.393309 0.511589 0.130335 0.101605
0 0.587659 0.504457 0.156859 0.099823
0 0.805076 0.507532 0.151094 0.102582
0 0.199538 0.652852 0.155712 0.100714
0 0.397347 0.653698 0.147635 0.104368
0 0.590541 0.651516 0.155706 0.101605
0 0.803344 0.652809 0.136100 0.093673
0 0.226068 0.888545 0.079582 0.119518
0 0.399079 0.870723 0.074971 0.148036
0 0.571512 0.857843 0.064588 0.166668
0 0.769321 0.828386 0.095735 0.239836
