0 0.577222 0.498705 0.112805 0.275400
0 0.696013 0.498260 0.110913 0.256682
0 0.807242 0.498260 0.111545 0.251338
0 0.917524 0.496922 0.107763 0.248662
0 0.078739 0.787922 0.102721 0.194297
0 0.189654 0.794605 0.106502 0.266490
0 0.288278 0.786139 0.079404 0.163993
0 0.420304 0.780791 0.109024 0.336896
0 0.576590 0.824463 0.102721 0.278076
0 0.691601 0.840060 0.107131 0.262924
0 0.804089 0.809310 0.106502 0.269162
0 0.920676 0.806193 0.109024 0.280748
0 0.078111 0.184979 0.110284 0.193403
0 0.301513 0.186317 0.107131 0.237080
0 0.187449 0.189436 0.102092 0.202317
0 0.414317 0.174286 0.108392 0.261142
0 0.577851 0.179632 0.112805 0.241531
0 0.691601 0.188100 0.104610 0.180038
0 0.804090 0.165819 0.107763 0.213903
0 0.919099 0.177850 0.107134 0.189842
0 0.078741 0.511629 0.103981 0.224600
0 0.190914 0.515639 0.109024 0.236186
0 0.303402 0.484891 0.098310 0.285207
0 0.416838 0.496922 0.110913 0.182711
