0 0.62117647 0.13893939 0.13411765 0.19727273
0 0.83156863 0.13924242 0.13450980 0.19727273
0 0.38627451 0.13909091 0.13647059 0.19696970
0 0.16647059 0.14015152 0.13450980 0.19545455
0 0.83490196 0.31969697 0.15372549 0.16303030
0 0.38607843 0.31984848 0.15098039 0.16272727
0 0.61803922 0.32515152 0.14039216 0.15212121
0 0.16568627 0.32621212 0.13450980 0.15000000
0 0.24431373 0.48318182 0.34431373 0.15060606
0 0.72862745 0.48121212 0.41411765 0.14000000
0 0.27137255 0.65636364 0.32313725 0.18181818
0 0.72372549 0.66121212 0.15568627 0.17212121
0 0.64764706 0.87772727 0.46941176 0.24454545