0 0.693806 0.809756 0.112805 0.248662
0 0.077795 0.189436 0.109652 0.184489
0 0.185874 0.185872 0.097678 0.177362
0 0.304034 0.184087 0.104610 0.195186
0 0.417468 0.185425 0.104610 0.194297
0 0.577220 0.179632 0.109024 0.182711
0 0.691602 0.169382 0.104607 0.263818
0 0.793377 0.175622 0.086336 0.163993
0 0.917839 0.182751 0.113434 0.254900
0 0.074329 0.492020 0.105242 0.245990
0 0.191856 0.510291 0.110907 0.218358
0 0.303404 0.520985 0.110913 0.223707
0 0.420618 0.524106 0.112174 0.231727
0 0.573440 0.494694 0.102721 0.190731
0 0.690656 0.493358 0.112805 0.186272
0 0.803144 0.475532 0.104613 0.236186
0 0.921306 0.492914 0.114063 0.269162
0 0.079686 0.831146 0.107134 0.229055
0 0.189654 0.785693 0.098939 0.298576
0 0.304349 0.809758 0.107760 0.180928
0 0.412112 0.808420 0.096418 0.181817
0 0.576592 0.784801 0.106502 0.348482
0 0.807870 0.807973 0.111545 0.245096
0 0.920676 0.805746 0.109024 0.274510
