0 0.123784 0.200142 0.143945 0.191442
0 0.344543 0.196933 0.145329 0.191442
0 0.574302 0.191053 0.150863 0.198930
0 0.771533 0.194259 0.152251 0.201070
0 0.125167 0.407095 0.132875 0.166845
0 0.344543 0.395330 0.145329 0.175400
0 0.561845 0.399074 0.150867 0.178609
0 0.781914 0.399608 0.170243 0.171124
0 0.125169 0.603352 0.135639 0.172194
0 0.340392 0.588379 0.137027 0.197861
0 0.563231 0.593726 0.164706 0.187167
0 0.776378 0.591586 0.156404 0.189306
0 0.135547 0.814045 0.153635 0.195721
0 0.353539 0.827950 0.166090 0.202136
0 0.562537 0.822067 0.157788 0.216042
0 0.779147 0.812977 0.156404 0.229948
