0 0.422509 0.800844 0.110913 0.296789
0 0.081261 0.187208 0.112805 0.213903
0 0.195326 0.184087 0.110284 0.218358
0 0.307500 0.168491 0.112805 0.249551
0 0.421880 0.178741 0.110913 0.230838
0 0.580057 0.191663 0.113434 0.194297
0 0.694751 0.191218 0.112174 0.200539
0 0.808815 0.185870 0.113434 0.270056
0 0.906180 0.172501 0.080033 0.148841
0 0.080002 0.475088 0.111545 0.267379
0 0.193436 0.495586 0.112802 0.269162
0 0.307816 0.498705 0.112174 0.248662
0 0.421564 0.492912 0.110281 0.262035
0 0.579743 0.480434 0.105242 0.233514
0 0.695068 0.495141 0.109024 0.196969
0 0.808180 0.468403 0.112189 0.245100
0 0.920674 0.477760 0.107763 0.197862
0 0.080946 0.824461 0.110913 0.288769
0 0.194380 0.816888 0.109655 0.255793
0 0.307814 0.823125 0.110913 0.266490
0 0.582263 0.779453 0.110281 0.325310
0 0.694436 0.808420 0.111545 0.279859
0 0.807870 0.826691 0.109024 0.241531
0 0.922251 0.823125 0.115952 0.273621
