0 0.691285 0.492912 0.102721 0.163993
0 0.916578 0.822681 0.110913 0.256682
0 0.804404 0.820898 0.105871 0.222813
0 0.694752 0.803963 0.110913 0.263814
0 0.577222 0.783018 0.105242 0.305703
0 0.416524 0.804855 0.102721 0.274506
0 0.304664 0.828029 0.105871 0.240641
0 0.191545 0.820006 0.105242 0.226383
0 0.077479 0.833375 0.105242 0.253121
0 0.918469 0.492020 0.105874 0.185383
0 0.304033 0.165819 0.102092 0.213903
0 0.412112 0.179186 0.093897 0.192514
0 0.580688 0.198348 0.109652 0.154190
0 0.691917 0.199241 0.102721 0.157755
0 0.809445 0.177405 0.112174 0.254904
0 0.902084 0.175175 0.071841 0.154190
0 0.076220 0.485782 0.101460 0.249555
0 0.191229 0.512520 0.104610 0.222817
0 0.301511 0.512518 0.097050 0.221035
0 0.418099 0.508508 0.107134 0.232621
0 0.579427 0.492912 0.108395 0.235297
0 0.805351 0.475977 0.107763 0.213903
0 0.076534 0.188097 0.103352 0.187165
0 0.190284 0.180079 0.103984 0.185383
