0 0.074329 0.785693 0.102721 0.302142
0 0.188709 0.809756 0.105871 0.179145
0 0.304033 0.817332 0.108392 0.156862
0 0.412112 0.817779 0.095160 0.161321
0 0.578797 0.811094 0.105871 0.263814
0 0.692861 0.807973 0.108395 0.273621
0 0.806926 0.804855 0.105871 0.263818
0 0.918154 0.807084 0.106502 0.259359
0 0.302774 0.181415 0.103352 0.232621
0 0.413687 0.170274 0.105874 0.254904
0 0.576276 0.174284 0.109655 0.182711
0 0.690340 0.167110 0.105874 0.254100
0 0.791170 0.171165 0.073102 0.167555
0 0.914374 0.184534 0.100200 0.240646
0 0.077166 0.513412 0.107131 0.229944
0 0.191859 0.516975 0.104613 0.228162
0 0.305608 0.518760 0.105242 0.244207
0 0.417152 0.522768 0.097678 0.241535
0 0.579111 0.472858 0.110284 0.334224
0 0.690970 0.498260 0.103349 0.178256
0 0.805981 0.479098 0.106502 0.211227
0 0.918469 0.490237 0.107131 0.188948
0 0.077166 0.182307 0.109652 0.180928
0 0.187763 0.189436 0.095157 0.179145
