0 0.197809 0.136364 0.207618 0.090909
0 0.429068 0.132800 0.188006 0.089127
0 0.192621 0.253118 0.190312 0.087345
0 0.420991 0.245543 0.194924 0.095368
0 0.636679 0.246882 0.199535 0.090909
0 0.190888 0.375668 0.200694 0.090018
0 0.421571 0.372550 0.203000 0.087345
0 0.171856 0.514261 0.164935 0.098041
0 0.391003 0.515598 0.151100 0.104277
0 0.603229 0.515150 0.148788 0.114082
0 0.808535 0.516934 0.153400 0.110514
0 0.172432 0.639484 0.161476 0.100714
0 0.392735 0.641266 0.152247 0.104277
0 0.594579 0.641711 0.154559 0.106950
0 0.787774 0.643493 0.153406 0.103386
0 0.162053 0.864082 0.076129 0.136364
0 0.368512 0.818627 0.099188 0.232618
0 0.547865 0.847148 0.088812 0.177359
